1	0.8495069672547149	0.8141062612113457	0.13512543444870573	0.0889563822464704	0.2012407698747768	0.5273910787742153	0.8656456500560255	0.9457871329885992	1
2	0.8791234727018332	0.026955236252685366	0.4953006458369843	0.7776952836589471	0.4938611148273845	0.0373037165049287	0.8765326746142001	0.37311399316642324	1
3	0.3970173862545924	0.5064285990566136	0.9601050150131366	0.4135141434425169	0.22851290384030454	0.864498789314575	0.32127293615863106	0.06819976553171392	0
4	0.9775450109253458	0.2638147609720741	0.15701549043057306	0.3074836906199139	0.7485785673983021	0.5722043099980193	0.8132294186304575	0.2498627576032484	1
5	0.6859271280250742	0.3622996990215591	0.9826998253904989	0.7913653697805645	0.9107671844452617	0.7444912640136281	0.1441852195721378	0.6982165614727736	1
6	0.36863579990993334	0.827963075293985	0.15194187538619497	0.849614757046728	0.6076658319156617	0.5197563731259895	0.7472676926540681	0.18708162160519315	0
7	0.44533851340739017	0.8881199306036776	0.6818765050299245	0.7604549744994985	0.9373869004517035	0.6336223055255996	0.7258861168704133	0.707940230238154	1
8	0.7757641101357234	0.2522866693576449	0.21074334342950996	0.8013305309250461	0.0767432125087838	0.7488891048231062	0.018460574008410835	0.11268247702219603	0
9	0.34486156799718926	0.0569040869925147	0.09016171231798686	0.22997313289679178	0.9208321840902093	0.0921713328666256	0.7722033835609441	0.5455742812099902	0
10	0.13567261874067071	0.4574890236116541	0.8478823568448897	0.864854189194087	0.544954965017615	0.46575298194473946	0.6470891244770467	0.993109705999842	1
11	0.7340078077363827	0.4168384781958794	0.11870189427856781	0.9263130028227657	0.7808148561704482	0.49465846192638385	0.9916309822616945	0.7409798890637349	1
12	0.46900385164449254	0.19152434107068894	0.04088926520683012	0.8204002625296701	0.7567112419020662	0.5343948949243429	0.6066440569452961	0.6049989410685874	0
13	0.40565399650878975	0.2846754463767509	0.5814927806934872	0.42346787410799913	0.2933698449900508	0.7833256623344091	0.593149030765449	0.34212325892725837	0
14	0.672363159951838	0.9133978066272957	0.7945721832627245	0.3143900052202917	0.2956676893127699	0.6547849120995626	0.11538568211701161	0.4574972834821397	1
15	0.06576968088622592	0.5231885059629636	0.6309635980233457	0.6829276635392434	0.6137005628104621	0.6072050381004377	0.8250147552713135	0.1824574977524912	0
16	0.5672222472296419	0.3639291995123307	0.4239035780442828	0.746884775437033	0.1600707589949394	0.5969453978572159	0.6161095109885119	0.781378662412989	1
17	0.4307115416266868	0.40825108115267306	0.834527971919214	0.6579988888035235	0.17922963637725808	0.4471950519053789	0.7532199709799281	0.7594995477291839	1
18	0.34232291774536416	0.9911518160682365	0.6765219916340004	0.8444706698104882	0.27658867785958274	0.13005535838609183	0.35617750962348793	0.2118399113644689	0
19	0.198404764099113	0.8705043166172923	0.44095616797107673	0.9444978657413021	0.21145061531454934	0.5204245464208342	0.5299426146850084	0.40848424814902073	0
20	0.35582976622939844	0.28688601922583723	0.43222011350127054	0.6654469167754036	0.6647673928988791	0.9295091211180894	0.7874196205297922	0.655192136561464	1
21	0.19739372374174635	0.8031062918846912	0.21596489039151456	0.15753227475992748	0.2696179267558514	0.8188474710682986	0.8910841904748704	0.6833953651793179	1
22	0.7040502669976475	0.7779707729877634	0.036402023089380786	0.8910273895892901	0.4906608641419621	0.6004245914603378	0.2599212258307887	0.3990669782144144	0
23	0.5574118082902987	0.37445173452539726	0.49024846719613335	0.06160207197794665	0.98239908436399	0.9712080853358018	0.01588168251637523	0.8356074579876623	1
24	0.4877979374134225	0.5567772719746726	0.3804623715973371	0.11534341879649901	0.3347849534986165	0.0289411358410272	0.659814685233112	0.14274677947807535	0
25	0.0807913207545693	0.9925472992265739	0.8075933962937204	0.9906348643538686	0.46566851509466967	0.11402710259064974	0.0003194198087098643	0.7777316538902432	0
26	0.4742636636338807	0.050979054693614634	0.9130638518161125	0.15180396118543338	0.7778082376334933	0.7804701325598149	0.6407062213334506	0.705142864026039	1
27	0.01489224969950953	0.41119227652730994	0.3135689100350778	0.2738141163894794	0.08343086145504064	0.39257732398060075	0.5029832495911407	0.09442489682376598	0
28	0.7561113602468998	0.6556502127034293	0.915372000779111	0.3489188906779581	0.507702382468092	0.41997467800394095	0.921957370573709	0.3446838840265809	1
29	0.5772894877316751	0.24572599578269572	0.2614881847088689	0.9115548302261626	0.6849248667448221	0.5520258708408381	0.3787696878578777	0.13481537341545158	0
30	0.2813613875788291	0.008707435344466052	0.8195414625542001	0.4717959810354869	0.14490606013129004	0.8824852426677074	0.8314220143263511	0.14141017378504372	0
31	0.6233137296295381	0.8578184706669467	0.11456229185113931	0.8709892434639064	0.47393403501612286	0.27114195676620834	0.9641065760268895	0.9680531600257376	1
32	0.633713983979947	0.5209821430646354	0.6534619520188867	0.9522356348403487	0.9240538467852852	0.7630356776246815	0.6723362916245423	0.9084005548744607	1
33	0.6555201333152553	0.8274859958071239	0.4522702295125711	0.9313722812208934	0.6180955713667121	0.3276672341735736	0.4014147234996259	0.3321470889284941	1
34	0.05703993481867786	0.30474101338088877	0.43431091314359527	0.6347521011035064	0.3495936285057347	0.9041261654348306	0.26150228160011224	0.5449485983923872	0
35	0.6369773549675881	0.06241231926336377	0.8938464817225986	0.6885396316408787	0.05864850871869498	0.27679896327266873	0.4978220739378991	0.5091834063240714	0
36	0.9752822479663584	0.40607711423963333	0.5920931135939548	0.8703896219807573	0.2610590281359274	0.020900644987100425	0.8360976893425873	0.955160228932399	1
37	0.38625367414781153	0.7834865525820349	0.5914661931387111	0.228640509634235	0.8042411001488764	0.9047676874050995	0.5105127129029189	0.8830090585841343	1
38	0.8598961362401696	0.9370864837713366	0.3362093447956527	0.5113028067034746	0.29737301646334136	0.318162746020062	0.43211458769431954	0.774348932380473	1
39	0.6020010082313615	0.8186309794328013	0.8458339510198949	0.8804714702993561	0.39862434382647216	0.9770522246572445	0.5690985947107545	0.51420545832969	1
40	0.2178935691712266	0.3526016554491611	0.4770619684631592	0.44288297864220616	0.7111585265129913	0.5931639323356908	0.8310797549390732	0.5939528451282973	1
41	0.7266732764929035	0.09336963366241258	0.4187680816276812	0.9339445936424561	0.07729137924045537	0.2554886237758537	0.39393260457433155	0.6209785115911828	0
42	0.6560162403351396	0.12200588766892806	0.19545649507044394	0.00506447125324172	0.84219701558832	0.020724950604624426	0.7494525853361128	0.2293959909642399	0
43	0.128925856867095	0.7836513469660583	0.5888657790288953	0.5419447531154272	0.7608915947480649	0.3573828345116108	0.5027949276628766	0.04879400013415547	0
44	0.05466740632767875	0.019432406544044545	0.09254241972254729	0.16297773001040083	0.4447134217550326	0.9364996178143999	0.4186380259073469	0.6658858920964293	0
45	0.32202798513508657	0.8938295108779731	0.4208985244357537	0.05949952808405379	0.30814217735031446	0.20406500656090698	0.9766925042991537	0.34858298207385896	1
46	0.5613831343365612	0.26466651279228426	0.5847327289292039	0.14498001816892558	0.10959787891349237	0.5000531723365141	0.42465041572562534	0.3826023402711599	0
47	0.20782175369896927	0.7928208393740069	0.255414386174745	0.4015052305303666	0.25591450910775204	0.22331721495239998	0.5820728022788457	0.29667218643906945	0
48	0.2888821349111639	0.29622315251285214	0.657555272549146	0.7030665349440279	0.22704962532374784	0.7447603532080167	0.3627516043664105	0.6013970227548125	0
49	0.8581066216597045	0.0653310664833966	0.24063860915941837	0.45395749720576273	0.6847321724061112	0.9383544880951386	0.7180346947534466	0.2347991537213875	1
50	0.010578413263308106	0.27854925998615576	0.33414472863169276	0.12118855222410096	0.8311777248876309	0.30110177464995747	0.7217348337173861	0.9661281855540946	0
51	0.01396618746742706	0.5587578075742807	0.6187756052459557	0.9766282056640361	0.3595364191427083	0.4021629390467738	0.7780762376777582	0.30588248611899194	0
52	0.09598878492892893	0.8223825347769749	0.3758708123683695	0.9170078193267878	0.3632505344296767	0.22355108002419866	0.558726585453142	0.10334559861905557	0
53	0.08029532387577165	0.8548997891950197	0.8723953135665375	0.8690482073691285	0.6456472510576855	0.1386348414600056	0.18378559883943757	0.5636941593839312	0
54	0.19096750088928238	0.3214351396821482	0.6735573778099113	0.26862562882186714	0.8958431413640009	0.8678281352488693	0.8652283350058735	0.04519719815652823	0
55	0.9271146273499458	0.7405128688345848	0.07732572373050983	0.9661387893277084	0.08046904300895308	0.05957906227154297	0.660030514898423	0.28212081382310916	1
56	0.8287145406512914	0.7974616801585829	0.07996720631442722	0.9688329655653088	0.9354787183529826	0.6184885737423812	0.33694725171871065	0.31747621840041573	1
57	0.5718501550649202	0.9518370561154311	0.08148863347671886	0.5423052930540642	0.23879853223373548	0.4065028108708765	0.6945193631172542	0.061377707096773704	0
58	0.8471946698058535	0.4042960403313355	0.8917620944705428	0.4961066775754919	0.2244121735007465	0.6005785847907538	0.05966455711750851	0.015135439552885432	0
59	0.5668491397653036	0.9481582160063818	0.5973635437334756	0.9500859634173516	0.1685299440432858	0.9687252967842082	0.350981875475774	0.828279981008574	1
60	0.37024323828150374	0.939758150550726	0.2605907275487054	0.693111175199584	0.40763254998756515	0.9548674187094179	0.49139877833149503	0.9381723757416759	1
61	0.376915277983099	0.5812871695541343	0.8427312773421826	0.8904355697027216	0.925244310254947	0.8640397650381835	0.2040556467180078	0.42591462202262254	1
62	0.0037712288762252744	0.20421505560139053	0.32549007229774185	0.06803338332255016	0.38106271432102046	0.21657643644507196	0.7231693931870444	0.0056413202249161465	0
63	0.13315764021684984	0.1963704695075822	0.5127276262782187	0.9960415423585623	0.45755056182350795	0.9468200563868728	0.8764339124194673	0.38663771373743094	0
64	0.9642631936877268	0.9187748795219546	0.5680884629997319	0.06937473246132697	0.7156624733522389	0.021174235780262896	0.2364536428899241	0.5809776797255292	1
65	0.4076331773551305	0.19608098566626853	0.1606598088797786	0.4131908065603811	0.8289815886319979	0.02603208746262442	0.511126442695883	0.27272258421852136	0
66	0.04571760410796755	0.34122528853745115	0.6197764922243888	0.0616394548516257	0.9441028936531176	0.6858273067276582	0.6946607128648309	0.8048368868700797	1
67	0.306907569905021	0.07441228816964462	0.24805079537912844	0.41251415169119054	0.7506708453431674	0.457683111705528	0.6548321133030065	0.8859751660289517	0
68	0.5236406676976875	0.1228872087289189	0.7254051433143772	0.6086529726953179	0.2552524536107097	0.2198426118068546	0.7894813913558865	0.9986222091858696	1
69	0.39272304987079065	0.9875677921127101	0.21653505075688373	0.5483039553580226	0.8574794727462544	0.7983192472254134	0.9427959695711984	0.1584763745291048	1
70	0.22999382254313394	0.336258083156986	0.5773506344053518	0.36507651174313827	0.19224667547272234	0.29006424188605595	0.8249935363168184	0.550850814721988	0
71	0.6307484591547172	0.09097717892732748	0.9582901027796982	0.1663926692865929	0.11108462668216801	0.7502969938036781	0.6792571562102893	0.9874035467136774	1
72	0.2545872875411108	0.5655490558572184	0.8427350718778974	0.611140651256951	0.3582127541242587	0.1720338434332216	0.5067765989112194	0.07858468875064284	0
73	0.6368358353573781	0.24271666359654198	0.22124060592606476	0.005305192909438872	0.3539116926526341	0.5450126727476793	0.7873781397469909	0.14228330860173088	0
74	0.5517841947002331	0.9790979977981598	0.9493311310420804	0.34843601047393014	0.892806573665279	0.29577408996141386	0.05277365008730406	0.11263435076950878	1
75	0.4756096579673721	0.7478452117818212	0.19381307203347364	0.03913036226721023	0.13313537289118882	0.09025627685652104	0.703262181900424	0.6141501483950494	0
76	0.23692732047920884	0.8165515309493185	0.010969460654696395	0.8168766174034711	0.7386648030679578	0.3772719379348709	0.18202689627976198	0.3724053198665451	0
77	0.17131334723892733	0.7932330987501672	0.46201173228079584	0.2828147363536082	0.5026283196072585	0.11294201730644216	0.091431532402243	0.8380943489868659	0
78	0.7353557700984811	0.7217004555890746	0.034576218907834466	0.6329983021685776	0.9226648811450543	0.14090862202184673	0.5387708847180185	0.5560920273328408	1
79	0.6349015719819995	0.8005397060375622	0.7189486833362585	0.4930371610275066	0.8435632823451685	0.0214549087692949	0.4039067195162548	0.0034577174109615694	1
80	0.5400465313491457	0.9959414241717619	0.4037947949708979	0.5858876224217605	0.3834075761451591	0.04239019060017857	0.8096012567083443	0.432731773266226	1
81	0.9536795165480254	0.06985942722660266	0.7310625603763713	0.5707493334988739	0.676541095369099	0.7711974588333773	0.6298989749533017	0.27710049254815783	1
82	0.7490562768910621	0.29037486856588013	0.8432896054864779	0.5942992375094175	0.08014230222085927	0.9553824075371964	0.974819892584181	0.5703483064040221	1
83	0.8735777326813513	0.036368673516975036	0.4191993108200448	0.31479736992164686	0.6036821372670177	0.7504873855911854	0.9958813593113239	0.24472403991541358	1
84	0.8900137876734945	0.1749544975518431	0.9572479684770541	0.07230353871151407	0.8802338723087549	0.6683499909393925	0.164535506688396	0.7891717539060032	1
85	0.6793619168753033	0.6178441038922625	0.5322216296430238	0.824966401157802	0.17050384541177077	0.6915775975184121	0.6477528297019262	0.7217841501785164	1
86	0.6096507921040002	0.8817075351901159	0.9266797471786108	0.4602820214258434	0.2370823585855052	0.40578510879420826	0.8609397869275118	0.7362183645289657	1
87	0.8160724590403502	0.15625053123159305	0.6520230531643771	0.4978460016810462	0.8396417240805687	0.14283322494609463	0.2707763250876053	0.67184335056983	1
88	0.3504995498672002	0.08226518421686879	0.1364191862286429	0.4195748776715852	0.7220970910628337	0.2549994999955896	0.18284772066570676	0.8948978724782608	0
89	0.18107503132486735	0.7481219305526935	0.7340886525108397	0.8777307057287337	0.8349016108372825	0.22602312100305788	0.6504169521222088	0.7030253916181205	1
90	0.3057891647742783	0.7471260234537384	0.10611011394206893	0.584269371150618	0.8664633575844758	0.6907459575714965	0.12896343584604586	0.2748775967854692	0
91	0.5493657325077599	0.6066636882006774	0.23077767912231506	0.0848323842475377	0.44874216393909483	0.24986322722545307	0.7628752818353658	0.2533675081750967	0
92	0.17388135158263862	0.7611270158739969	0.5968917288259306	0.9023176707265383	0.984091906373929	0.6834537120318064	0.9875465497777367	0.6621848525038764	1
93	0.818979296993581	0.7410681682756822	0.6901037090917639	0.18761674783732263	0.01171039827463094	0.6424362647974597	0.5560805706630422	0.3259629368427964	1
94	0.4526787633919622	0.6833730525877898	0.43200098583671	0.7257898364696955	0.8236218811343153	0.8736340360644597	0.8288746730290966	0.46258701098361676	1
95	0.9136909981578105	0.43321693213475054	0.2918209748857239	0.595942355886632	0.8062976679603634	0.8344454166247701	0.6834954195660723	0.6481464730190069	1
96	0.5519806344923884	0.03820227507610541	0.7226153063062389	0.7560258122382075	0.5475990640950527	0.6969169790649792	0.5568034665104592	0.062009135106838364	0
97	0.4995425405951728	0.5771332812705018	0.720063811247475	0.8388627778260336	0.5846025549489595	0.23568134103848437	0.5038258006183288	0.8769141008946618	1
98	0.3451085825727863	0.9257312288548021	0.6144620829763774	0.5299624281345869	0.4654058860439362	0.7226312671763012	0.5314393013333512	0.6663914280710215	1
99	0.23606434812203103	0.7865492234404073	0.7410394467297854	0.6797806358118029	0.5544707514164295	0.6329096828931137	0.04349950275739156	0.7261288974632715	0
100	0.8100687057492252	0.4697887775204004	0.755580507892181	0.7777398099734214	0.920308178531841	0.8372148710533134	0.33247818251774963	0.617028715603296	1
101	0.37540629906393874	0.5574743395813899	0.8462079658255157	0.1764939641696156	0.17426885463579678	0.6317428584243636	0.6877837648568212	0.15226642271134083	0
102	0.09968001289326267	0.8851734056437052	0.28218317214312894	0.433244465867596	0.34785678682068844	0.48407411146319146	0.8211964160128663	0.5190475311785511	0
103	0.5014007257750008	0.027638838721814052	0.1807342101565712	0.6876859525889291	0.565581697890896	0.9307892665266366	0.6385590547640366	0.6974990234061342	0
104	0.9709410366070803	0.9712579035193047	0.7503713394912025	0.5169818957282435	0.3213404184452263	0.46725694490875325	0.34499299019809937	0.02601987460202848	1
105	0.9939711340471613	0.47200482117257203	0.7884353362579977	0.7795206629277165	0.7921789216705021	0.34246234185949964	0.7413515578284258	0.9365012002527012	1
106	0.1785184366459297	0.15310628822833894	0.8461683811594997	0.2570808768588454	0.48826812242630335	0.602700554544419	0.5850295318016814	0.7648662907472689	0
107	0.23226039994745362	0.031032438464003276	0.1822701434310955	0.6455059818662403	0.9400074436253213	0.9522067020776033	0.3900204261247203	0.33783305942857644	0
108	0.5382474968951412	0.8150906545925471	0.6109934476341715	0.7333756719309148	0.6616427686057363	0.3295496276866787	0.37912836395349647	0.6238264118107631	1
109	0.9566047945554774	0.7188521811885744	0.7122447461125062	0.82259339020266	0.6150331979936762	0.7134182228556882	0.6262047898681667	0.08534200696800565	1
110	0.636409656538582	0.11377159129942394	0.9497987702560869	0.3994861591614769	0.028550772934898827	0.24423529591695814	0.7255560735337001	0.5771454139270848	0
111	0.15457224919328383	0.9306431825048114	0.10803055206229106	0.6036326012170816	0.1316264858338808	0.5668877095125094	0.6714938537720909	0.3642864116332577	0
112	0.8896119950298694	0.7776614233594942	0.6417168400144759	0.9477361727897896	0.08304923694915245	0.36219633415312014	0.40449992443107374	0.4980435511937339	1
113	0.7597994045734962	0.8250735910217487	0.8198568292451649	0.30631185626178214	0.04025859925509079	0.7305600457911177	0.15183547526700658	0.42946064716289245	1
114	0.04115111925755399	0.3067789538738481	0.08250530917157706	0.9474103648873176	0.7810469616926724	0.7637551319003038	0.8898266585989754	0.32996424213806097	0
115	0.27611031676119213	0.328075337294912	0.8678454914421223	0.8243124842069909	0.6514445293482971	0.21455613377680982	0.15454421536097762	0.5169339736633679	0
116	0.318024662251995	0.5504049281801268	0.8025669860184684	0.3779636308785852	0.5219916241945545	0.42008696177682814	0.6253635415395157	0.44895186315720503	1
117	0.3960666109135491	0.20847216520417278	0.998344304984244	0.09678871113990295	0.04780325319668477	0.5532413826507345	0.07651758545440557	0.13725685447579639	0
118	0.3321024657087188	0.22365074591124434	0.7263527558995063	0.7535335648252949	0.3624183464366958	0.39781790143966345	0.9036128298806266	0.8392301694112567	1
119	0.7389219245728462	0.3653792398147474	0.08707614738627256	0.34631115735762896	0.3056917195964479	0.09625778107465821	0.11085916469265944	0.03434953745059077	0
120	0.1558326205549062	0.1207236718896898	0.1311466013667515	0.526364700788109	0.3274466444560352	0.8257894451612835	0.09896214119342495	0.7469241376874368	0
121	0.04723668205985898	0.4052437238686326	0.48347448531157056	0.03736786640433032	0.3898014019523687	0.16103034563125962	0.42268011634607305	0.07563042909174922	0
122	0.8633804957671846	0.45384370958805986	0.446848245842019	0.4584570164662648	0.501371354516018	0.6263049964798286	0.6428154692818973	0.1642694363796383	1
123	0.6452089288702525	0.9419475633718749	0.8326521143219111	0.2198654556224704	0.4227242764181891	0.4899177163908933	0.7670713149843821	0.7852849997038599	1
124	0.25723677771751186	0.9059526865688867	0.3201870903901669	0.12874379913873013	0.07222517465322142	0.423912160517095	0.029606386855941746	0.48755942271816577	0
125	0.16092026149915517	0.277609632304459	0.31585803773219534	0.9031067508705914	0.570329230603196	0.33708673276878	0.9137615836852511	0.897621708885542	0
126	0.016201420342085715	0.598454401359401	0.06229837792848614	0.37375486565310134	0.8057383891952775	0.7295027517579861	0.10964869939295485	0.967526387558823	0
127	0.18999196085555692	0.028050240081016642	0.009532533265388166	0.4154866870563214	0.252705935114495	0.9885035607428349	0.6535134375003953	0.4096554133320194	0
128	0.8222940990570322	0.20450490785617392	0.6899269882809671	0.05291551010195039	0.6211187286512345	0.6583075908220845	0.8495739541175498	0.4635841513936759	1
129	0.1366522931482339	0.5002541178111078	0.20696217122169092	0.9117540315137455	0.08380188346502404	0.5134744150967977	0.013522440160888993	0.3809741154034971	0
130	0.45203358072985167	0.28640667921355845	0.9251525368181925	0.8468963082579796	0.9615486953048844	0.08323000819229165	0.4214243441190132	0.7338869715496086	1
131	0.08043166169759497	0.4942209424673464	0.3921221981885281	0.0206064184486906	0.310900683385278	0.8810856744120202	0.18113742185399195	0.418587867883634	0
132	0.7592663112047263	0.5501071575421277	0.9940748138420641	0.7159068816414024	0.7354006702912622	0.6681892731349732	0.7175472973394291	0.07789250973167672	1
133	0.8557561298496237	0.489032804821109	0.5318090963856028	0.6058625890408227	0.6634532490625502	0.10661685958910783	0.6920048857540539	0.8212411416382285	1
134	0.611135890266067	0.031100150605807397	0.17391524728714025	0.5129953989734669	0.8266071892307418	0.6930223453380353	0.17733511904926647	0.9541965436175733	0
135	0.46309837622096195	9.653553496569156e-05	0.21693152426726892	0.9883801194556192	0.8698798790038271	0.039380683216793	0.21978158131210157	0.28656056611814495	0
136	0.81764942393232	0.11401932220867395	0.837150378741092	0.04675274191164691	0.09797715191007716	0.5169879244576293	0.94488400778044	0.9176011682847717	1
137	0.6130668069639008	0.14654874357879744	0.4525414927014856	0.051820159815876954	0.9964816771919501	0.48944033691222977	0.6750248398342037	0.36119274644126254	1
138	0.02517339082862813	0.7386281653392962	0.38598008176373266	0.5867354758033606	0.46153466925197206	0.6842546224151228	0.843654874430502	0.16659884690468474	0
139	0.44855849955966287	0.2944101205192212	0.4556468173374223	0.006529742946425943	0.9005317761884347	0.7179677172258326	0.09420970888643443	0.051282061365578224	0
140	0.24358637799934235	0.6637700546074052	0.9655962865171883	0.020696795598711182	0.0565389704387701	0.06471762232858502	0.29302228635386585	0.9717329911209166	0
141	0.4667766598181684	0.6171867297929068	0.28323188679599975	0.2204223897552754	0.0925031208240672	0.00858525071861782	0.18751148699105835	0.848944031526181	0
142	0.9226815262750128	0.8613946902214389	0.9090039202346782	0.2966465126614607	0.18138846422206367	0.1343012531705562	0.14161674479314101	0.11860151043994915	1
143	0.944621370335206	0.40682300093991675	0.5703363661792022	0.9586869516296326	0.39940501777733606	0.7311679605543493	0.958105220687607	0.1275317819407752	1
144	0.6018827090827954	0.5253779524093262	0.9230152482452857	0.9210757234964327	0.6067207354107521	0.9472133706227045	0.00690520029382935	0.5559761503968086	1
145	0.25974578689445105	0.3765473262599567	0.13069002213544822	0.5773777058041903	0.17418440937018076	0.9722555853675723	0.7588172484149656	0.5250966621934693	0
146	0.8498048612295273	0.4044217393177386	0.9892136451496725	0.9261133101100758	0.9852322874674134	0.2579364872055059	0.039115975285526794	0.6684305521284349	1
147	0.18491700761520657	0.5222097693976953	0.013115274042300062	0.5958484606074479	0.3716400226808513	0.38325678467591817	0.6663713815779763	0.7338577162008896	0
148	0.40627765641094804	0.9123303731436789	0.5174816564829953	0.30925256085773045	0.6154204537652929	0.9727599705229955	0.0400743972123101	0.4546836040403611	1
149	0.6274752583398566	0.45737355389189904	0.7188803633789389	0.7395936740663551	0.6516796884385324	0.2883923937787788	0.8430988931223166	0.6417897572436919	1
150	0.7889983879421765	0.41391164551894477	0.9616699784093695	0.8273948701235142	0.11203894164320238	0.23335589954615232	0.02975078484857019	0.8095279970249547	0
151	0.8544490255256355	0.1951591498334787	0.44466641089861425	0.17132945224612461	0.5626680243914396	0.45363093308818203	0.6062063185957807	0.1890267994329412	1
152	0.7845841338466197	0.4968939567501687	0.10988643304242829	0.10184043721538016	0.2416660054818559	0.0843084575293519	0.17003126692978332	0.15439841524290243	0
153	0.15756147647834384	0.18352851255828073	0.9984787945551535	0.5952183701629356	0.053896339980342045	0.8747945308635287	0.8762660531383502	0.6912308880050482	0
154	0.47650872558624147	0.5967784300218891	0.5322034754175256	0.9416523741999695	0.2079901370885382	0.7611225796549005	0.31223070178087686	0.8867913282484053	1
155	0.5514590172669426	0.9689113446789889	0.38206940615116614	0.39862912256762995	0.6809731761910982	0.8758896308153045	0.16498590035278538	0.632541273902507	1
156	0.04371507244948625	0.36661507947507144	0.6542783819953318	0.332295833693244	0.48029090945678565	0.11532612915356544	0.8488652577641752	0.3209631010415446	0
157	0.3274792430247335	0.11639565000942287	0.05958322081015566	0.7921245193796715	0.023696946000504204	0.6151251367126432	0.947160338501336	0.9051509425789755	0
158	0.7667634919308679	0.3384698454598668	0.5641486428366429	0.30543639678012835	0.2018988410254946	0.5215650700391498	0.035437459872499244	0.5652405321546956	0
159	0.3799301141156508	0.6132655726171194	0.9219004546795532	0.9015498320839518	0.090755568002576	0.6651979227909597	0.2555950900169055	0.7970360131117448	0
160	0.04720598175802815	0.3432881668648877	0.1853023611499196	0.4392839450004119	0.1719645762552201	0.35954248931754706	0.4114848096132072	0.32693735785530675	0
161	0.31822642159805714	0.460016724297986	0.30729511699220535	0.9095635692116367	0.7158280902670761	0.23808681676487486	0.59626164761679	0.9336915236269134	1
162	0.010770541359432895	0.7310664683460357	0.16916653441010765	0.0770001641587934	0.7815687668120863	0.3713738654134313	0.4331513121533188	0.3622477167451207	0
163	0.9659873851255026	0.7827690354199072	0.850457566107032	0.9761456285709416	0.01887988603416868	0.7572011064502243	0.1609748712711836	0.745924329683223	1
164	0.3401895502757347	0.2676644669602444	0.4282657526670416	0.14610330425561657	0.4554882547233854	0.8749163897023122	0.4914102232772366	0.9468760704798069	0
165	0.5137453361468453	0.8143547794556302	0.42171066088819265	0.4468378086968997	0.34543337739822066	0.12887841950751133	0.05500278955653215	0.5767044113203826	0
166	0.2462485337950484	0.3050735642297655	0.8880249512952175	0.8530226075280084	0.8267940322044284	0.5411337817401108	0.5554703319177251	0.4229475520591429	0
167	0.09007691442610266	0.5807463750554194	0.532201889537058	0.6985868787256244	0.14877490521602477	0.865330906997842	0.17499148927183683	0.6576805124395433	0
168	0.062179189897686116	0.446414501044162	0.3356957828685807	0.00510559188877846	0.05653018258454223	0.6186445498994801	0.9419568002237256	0.7046277602292008	0
169	0.9352294288011301	0.7415223041255387	0.3545370888516224	0.31408867349660496	0.8736184524867755	0.7382871651241436	0.8387952353918642	0.18713883240480955	1
170	0.504220754341939	0.9169735858660659	0.5115541608453469	0.741425734425148	0.5757215555963795	0.8003100083690499	0.6051833282409849	0.0339179857962455	1
171	0.449493308115274	0.12882788435871206	0.9598376872957712	0.7731962455728365	0.30218404959475986	0.5073334454298702	0.31856061251901957	0.31802020081327764	0
172	0.8263203857285104	0.5368389133428755	0.8793877394940062	0.5885981906546938	0.20454110779834833	0.14630276850159296	0.8444942877125547	0.8488256243874156	1
173	0.42282458422490454	0.12400748454288446	0.4601052496358238	0.6843252348052784	0.10783583873117764	0.9867625617723917	0.716735690164986	0.7789619480220905	0
174	0.8102730265233018	0.5247125578130125	0.9473089031558953	0.9083763598804995	0.1488556717444316	0.23806936313809413	0.32918932619292296	0.5353107700217026	1
175	0.13137743616349518	0.666349722787289	0.8577223215840668	0.7031933271006349	0.40936353059723896	0.8023767945295354	0.8926562873765582	0.04884823192663834	0
176	0.9600113381092419	0.5171361596570856	0.8888584524858613	0.16003362424084133	0.0640656033482555	0.10550457940883962	0.5270217703676281	0.21489237278185447	1
177	0.1212715033865911	0.12435435023981767	0.8073709116138549	0.6437849534403877	0.0634866504960937	0.040108925682377894	0.08042579578670672	0.787170808576909	0
178	0.4001940970257666	0.5668174361351419	0.2002525872547345	0.8841978389250381	0.4109561183525682	0.5672120329035126	0.32958059499272674	0.00639597407166681	0
179	0.031716282145050845	0.09485117877082583	0.5431105594684721	0.9703682881447719	0.6204290734782308	0.3456154774220995	0.46988023581404825	0.8834370650829789	0
180	0.7181074178074689	0.5422916126504044	0.217145409277277	0.14465666094531526	0.21279349489898813	0.19218719232352266	0.22784270706031273	0.9916432076896553	0
181	0.1536468464309113	0.07492970069277283	0.6767965252301326	0.3547372654700168	0.5765953493720463	0.6865497830798408	0.6698742350896467	0.4871525162709205	0
182	0.7117708141714332	0.30236849312231706	0.16374357799530437	0.8312698639012118	0.8990508334300924	0.79909024458285	0.9636517810570726	0.9075217246465104	1
183	0.7897970228223071	0.7082842731528124	0.47604511283627293	0.3444149070021333	0.14881572169043156	0.9243872258415304	0.3107476734853024	0.9736480814482705	1
184	0.843267776607633	0.8434664345839152	0.7270261602725826	0.9031505123256935	0.10527433702911948	0.7359703708482672	0.9051277476573767	0.5071130381594837	1
185	0.9082987601761137	0.47211964467405687	0.2186129429054785	0.8514304817150874	0.40582528141568486	0.07295368245395861	0.4278768866332977	0.8920143026435862	1
186	0.6648660790100016	0.6396191761623393	0.5151797550717359	0.37168418257111857	0.9678590097362014	0.614283962163482	0.22646381202940546	0.21814604480111754	1
187	0.6208145561096332	0.14539432651666973	0.4462843767349426	0.001617205603372751	0.810742786150444	0.6590698001669754	0.44643669838584255	0.7483191202372066	1
188	0.7927159736535154	0.5184447374997371	0.3415040463178165	0.6554723144110431	0.30589667724370273	0.2318185362994778	0.17977555214193308	0.2062883359264941	0
189	0.6835431808703605	0.25060974617039156	0.9214355237649048	0.03299105719669493	0.6290043557864017	0.871377791950746	0.8325729551146105	0.6956213384418115	1
190	0.8528268092488605	0.511259278931987	0.2627442755253283	0.3495324181256466	0.017473926678010177	0.9138992031517414	0.1702066285776156	0.44597043158727656	0
191	0.13645356291702138	0.17397463149847991	0.37053861331505766	0.7312725308104719	0.1557618112227075	0.8072050137609823	0.9119643354639491	0.7508742553453712	0
192	0.963838729270061	0.7042894441481794	0.35353209567730703	0.2176022442174128	0.3960672750406655	0.18203597911099434	0.6843376873520377	0.1616588451520189	1
193	0.39512018774232194	0.39969410959470375	0.3642082718613969	0.45165452157243247	0.4385785948823995	0.6660433374045649	0.06614062851674851	0.7572278967299021	0
194	0.7906541857001137	0.24690489726564402	0.38720386799812634	0.8934631712332252	0.23217655153499273	0.07530288991188872	0.3462164368025288	0.7142624397758732	0
195	0.1948323528306659	0.3962848014788344	0.1385967313936579	0.9567455142927503	0.07048700142671482	0.09551440079281792	0.4193601883400446	0.7704219743015308	0
196	0.28547970078925566	0.341468195370069	0.39456179603503294	0.610515903794736	0.9632191906588773	0.883918874861029	0.23432850324703314	0.675431996361908	0
197	0.202320142669841	0.7474431512141133	0.30029134019877857	0.7791576161865535	0.09235402632501055	0.892025775973291	0.2855876337417359	0.10635307940788863	0
198	0.49780127077021186	0.05888934723060446	0.5406731207127631	0.26362292730451586	0.3026480263563659	0.33581839750433073	0.7087075271364017	0.5374198624992916	0
199	0.5631828478011797	0.899119941578588	0.5042307749514701	0.0045461689340269285	0.3693851478484952	0.058470757887110314	0.966794783261078	0.5565249668908915	1
200	0.3176677816872089	0.7442423779897654	0.0509189548908382	0.5453838181866573	0.2331825206970196	0.8733749370409102	0.6380842492213794	0.3145869009870438	0
201	0.3781359086610935	0.41246099246656565	0.020031256107095996	0.43513888881043084	0.21820260060133445	0.6270319333510181	0.8505996245136757	0.22600014752832098	0
202	0.8014656501261768	0.7084394128929283	0.2787126254399356	0.3614638971773082	0.8114466452309248	0.5603689281970426	0.8066281704547058	0.2825464681806843	1
203	0.49266106869175563	0.3030668011926081	0.8694722485295165	0.5024994745811896	0.850378281679505	0.41215917250499423	0.8556556833298697	0.6439369163842916	1
204	0.729084035593927	0.8922758062172171	0.6734415672114971	0.9217292245665306	0.7319852129905449	0.4808385691140149	0.616260509151864	0.07315973470551351	1
205	0.2912373455843321	0.5216376492200454	0.09067421272883047	0.22238376968198903	0.3444641425861221	0.9880598968150631	0.16516053434455324	0.3351379630164343	0
206	0.7134998450143567	0.705767034429185	0.3028163516575093	0.3870952047876105	0.5516222334990942	0.6544305156157921	0.5083515218002451	0.32790897472129243	1
207	0.08728485391787488	0.650922748724249	0.6400828904732293	0.03208705061133299	0.8152140831958732	0.6055769519498113	0.8349896264914611	0.6759399906136961	1
208	0.3898487124404655	0.39420188281763147	0.21590496825700745	0.0728497397209722	0.9939915508366487	0.16155312125739663	0.7306641197473659	0.2576745268736399	0
209	0.37090509043344955	0.7856721401119542	0.3749918638276042	0.5100593617854753	0.1369648569521149	0.5500885999587662	0.19897666643478884	0.5475860171367071	0
210	0.353532965896019	0.5557525620080674	0.058176833939902584	0.22344784251142336	0.21645865836690503	0.7004072675298634	0.8828491193403476	0.8562869595482764	1
211	0.700003220476551	0.2292235401671079	0.46389951754191483	0.5051561371464086	0.08667349775556521	0.2518429027711876	0.7979546185058921	0.8259352108737235	1
212	0.6957737561589313	0.08655724477631832	0.6507901324371137	0.40492154513818424	0.3817426049576793	0.3757725953983375	0.37048582500592975	0.5595759730883625	0
213	0.24912158293165332	0.3470915900376704	0.7406612185726471	0.7737508302116172	0.13158321225784397	0.2939173904555429	0.09237625424341511	0.33317118127566625	0
214	0.4358347973233303	0.982493782785302	0.6764561971601536	0.4654405608805414	0.9040994362646506	0.34440801138264676	0.4538052808654569	0.8074207662168534	1
215	0.5893696952258185	0.6493622174799013	0.4107128726024286	0.47850585230407094	0.5375184977899774	0.5351107566871077	0.6319237634977881	0.26107083178219304	1
216	0.6017906281228094	0.6292527576583286	0.015272954419395246	0.24004800964378725	0.9350400371461726	0.8055587777198436	0.47315905800716496	0.5989260728039432	1
217	0.6950571366044482	0.6388044998314131	0.616681815116236	0.4791315928014046	0.7858759706571925	0.7778268288876331	0.6644900327275866	0.7413726838452663	1
218	0.8803241950911165	0.2748717489235445	0.8653594829964846	0.5984775254485264	0.9674972217889294	0.07783609932217572	0.1232517788193439	0.9499074597982765	1
219	0.49488120779221045	0.703638577288206	0.7519348993306069	0.6363705756247274	0.980047085373216	0.2902475211258273	0.5767886148824044	0.5824029276292125	1
220	0.44528638756953065	0.938891612087478	0.09162784869959262	0.7764342681970527	0.9902938667483124	0.6757394347942631	0.387125144644353	0.8688581720669666	1
221	0.5445505845765348	0.7878756544580802	0.8902498877583059	0.5987389972723388	0.7753983067381691	0.7758772760617562	0.12088543082346914	0.6779811419747497	1
222	0.0937295201508549	0.09477439747701699	0.48413375473549103	0.0953137487725979	0.12313267384942006	0.30473666977728864	0.21857006312303273	0.40743750800756395	0
223	0.8933773301138187	0.7201602914792233	0.15081087123400605	0.9646182895427302	0.45966362689043927	0.9214479162265041	0.19494682224064963	0.276558978990588	1
224	0.8741693560790161	0.43137942236237725	0.16062694247751563	0.9671416269310258	0.3139905477264531	0.30940550477807094	0.01667985825361995	0.9630927003877676	0
225	0.9465096500524669	0.19353537552695954	0.541044483735296	0.8960661989209425	0.8066885665802677	0.18674406882178718	0.8287659863489206	0.5057536706231268	1
226	0.3237481252313835	0.8979812896831888	0.4821957174468384	0.3555067609163497	0.5213332539217714	0.6213199368403424	0.840521085479553	0.7978999114444368	1
227	0.8405508687276338	0.3972555841806822	0.45897188433250635	0.09361966252505105	0.995554357553816	0.3206434713469807	0.3706806678083775	0.03087165453092766	1
228	0.23343514968427248	0.8441634993471911	0.8015959977620163	0.7315660222253174	0.6920877342691267	0.09867833070317245	0.22455831246810898	0.05556919387112469	0
229	0.16172006879918743	0.42122215110398453	0.4016429049887714	0.4522286120251402	0.3555086591384158	0.717841717605884	0.6270012543689591	0.14300717923648953	0
230	0.06434669692312844	0.7486614687054906	0.13202236963279812	0.06265797250172889	0.36041505169984644	0.7470297143241745	0.1874546875268266	0.8019654964777244	0
231	0.509176352327743	0.8822091312614532	0.5496647419335052	0.38383204041238217	0.7323048625131409	0.29396019416750774	0.7512928154078412	0.8564559119702291	1
232	0.12534761589801124	0.15935493762933828	0.1939540375971378	0.6417872664526516	0.4542036197341234	0.5277359456031095	0.6981964527312507	0.6522580431219078	0
233	0.10997138370144577	0.18598665402686965	0.919820478310293	0.4650694816603834	0.23982892539943335	0.6339068978994923	0.058402610956297285	0.8313839782472267	0
234	0.49697215623519764	0.6097662058787906	0.8564291175857858	0.48018023286500133	0.7372461232054959	0.5667800008394059	0.9771062936781967	0.01184949519485834	1
235	0.37245441273531754	0.9638814304120377	0.7724159599744872	0.7490684191914436	0.37399470171000837	0.8544827255699928	0.10066575102145348	0.4834982824771856	1
236	0.4196439696561428	0.11947392254886069	0.005364358346750087	0.4728065030619457	0.4900202387185947	0.04134762618469823	0.8340951497490363	0.32366236924564984	0
237	0.986668120405666	0.5796872386399364	0.5354035767190866	0.9255698660176273	0.4110486104100479	0.8390179508998815	0.7462419002735678	0.055196686357321445	1
238	0.04482821510735402	0.9939443235400893	0.07194684989499822	0.6013640576257296	0.47625036983084934	0.971044516371771	0.898106916293183	0.014375361552717236	0
239	0.0692012682998997	0.5230843859839914	0.727586293919022	0.2667223451831525	0.36075404024995694	0.7900244717975472	0.2250116344646449	0.8076779286287237	0
240	0.2779367759503416	0.8001680503408781	0.5480953792629965	0.5871814506958294	0.4896598405394993	0.08617511333624561	0.5326359010988674	0.8433100856307876	1
241	0.6246978516252352	0.7904494120070436	0.8510279503290343	0.5314875837535212	0.4414570459425804	0.016085072400090272	0.6344776310164364	0.50941707041167	1
242	0.9049255905420266	0.07706862554047444	0.4637977741121029	0.32797058838200566	0.29265925848537666	0.9348633803115741	0.7911411125490001	0.4549156326699014	1
243	0.32065126883949735	0.7050616806681761	0.9907508096757579	0.2131325017790816	0.24789257876676696	0.3454569251990949	0.462943056456789	0.17448384177758525	0
244	0.8185084067121222	0.931155689924554	0.28970588694804866	0.5278178616845461	0.8053867371411944	0.11080013085613116	0.5194892777761445	0.5448342640220375	1
245	0.6683675438583695	0.3831660092280088	0.4771564808315343	0.08052414275023789	0.4290390232715777	0.39446083915683017	0.33057991566960365	0.3501357946262521	0
246	0.6731669953189999	0.8829812887408744	0.35020106536824736	0.9554763093909528	0.7207617790454844	0.5530231493481457	0.5920459120713352	0.9918197429205133	1
247	0.0683334544526003	0.864435492820512	0.3403673309474686	0.060536402024922165	0.7423726343329736	0.5372900656690968	0.0022742218671605308	0.0009048661872681496	0
248	0.9018805510106407	0.05018351191095316	0.915833203780498	0.6394804863788515	0.5534274014466207	0.1870148666065492	0.671795328200953	0.6218723145626551	1
249	0.11865393352038411	0.9270619293937129	0.5062285927435578	0.024275736329536945	0.4105033652068486	0.23519533956538108	0.5509417129128663	0.8456945965703146	0
250	0.4245309126154426	0.5412256831327185	0.05314790907513578	0.06803154424707625	0.3912767318833318	0.5855824252538212	0.22965705891254484	0.5941030852050534	0
251	0.29842437520549336	0.038378663655208145	0.7894066869693616	0.9687445150098164	0.9671056079165675	0.6359263210425772	0.6286800632146365	0.9450298661075712	1
252	0.5678323248390529	0.2486646924590029	0.9098966103271046	0.43203231199755165	0.9946137769059816	0.32933728495004266	0.059233058460054	0.6316523247694946	1
253	0.5234297600458654	0.8287990551257001	0.6931371234297729	0.0793963212676847	0.40441026833740945	0.2638988466930873	0.5739374369926291	0.22585785147733295	1
254	0.013003258831090547	0.420579975202344	0.21790389265578303	0.28980687912700775	0.00511363433519918	0.6664687338061466	0.838112803082924	0.4569106685023646	0
255	0.28875750025668834	0.011358311208154448	0.38590385075236533	0.01668349988405693	0.5771000114477695	0.9361071990233956	0.9698410437849045	0.597345642299176	0
256	0.3378759487453864	0.17169720711401248	0.4516349595678457	0.022027993803461654	0.09413574552440118	0.6689206872746003	0.6527502895306312	0.426035202531448	0
257	0.4938613586398538	0.010794163214473351	0.15272532015481177	0.7472306755757954	0.5555854210332332	0.9428738327546562	0.4284133673769177	0.4144243643150668	0
258	0.5676242698057613	0.09377196052964787	0.6009581454564555	0.5176433947446519	0.796245988500983	0.13454982020160966	0.476593752128709	0.7206614896111185	0
259	0.7501446415001672	0.34691878655555775	0.18988653748589768	0.8678705205680297	0.47748134566720235	0.39869413682026933	0.6723773133624896	0.584894711099853	1
260	0.22575972374538256	0.8868817196308718	0.34733715118774455	0.4802480945004224	0.14335461619119927	0.5721358087435654	0.552810295014447	0.2372192309382427	0
261	0.6934533397282231	0.2903769033082766	0.45648467875115295	0.8869058336563719	0.9790047056427141	0.8636528656020452	0.5184361514650688	0.18724362021171936	1
262	0.3770914097037007	0.2772556008722109	0.1575739644122781	0.08203256299732864	0.38759886849652303	0.5576803560012972	0.05276934533191335	0.9239648887239229	0
263	0.08215604076250971	0.3627859748142348	0.2283443220776047	0.2344616272680795	0.9483749852483947	0.8039938368245758	0.9434536880091899	0.3382032213834989	0
264	0.49124701005242444	0.2350929243829103	0.11336858155847862	0.8564424043493191	0.13446343296121888	0.3562195459705132	0.986754271577395	0.41388328092915405	0
265	0.2708386972721324	0.11046297272724959	0.6907694017317842	0.48373899849105795	0.7263075207821099	0.4097387320817849	0.47814037600351766	0.12341986210570066	0
266	0.9159738831140505	0.49965911792918616	0.833552156973699	0.8680262511852828	0.5795814711438598	0.6025827647493299	0.12083981178200653	0.14948140807515098	1
267	0.6188995825258399	0.4884641172169608	0.18763535997398628	0.23429840759541953	0.3433047993285613	0.04172157142218991	0.5498095458715017	0.9814170417883595	1
268	0.14263654936334624	0.773505930336897	0.8203055789341804	0.9998888629997592	0.7113803876444371	0.4866627695979384	0.029380393514665593	0.009562835270006564	0
269	0.057224169978093986	0.9469332697599031	0.09254666854830651	0.2958430659538661	0.05408707356679188	0.982627532037928	0.48751303025744186	0.796507283097329	0
270	0.5826433711946281	0.4523255327975212	0.07796021860206437	0.5769480605875666	0.8184983712114581	0.02457130765075477	0.6270410589679106	0.7484270641119909	1
271	0.13083009007791813	0.2817456418465416	0.8379114871737899	0.5575586118314819	0.14281816029453454	0.5493909667774636	0.5837072233164715	0.964096434134245	0
272	0.26916608310652124	0.9708500162732285	0.5040598219150018	0.6867368029931125	0.38894816088765005	0.2301497378966263	0.9280123960490474	0.1668140638588731	1
273	0.6564580368319297	0.14717900818651053	0.641420049303827	0.6309460818666457	0.1005903891092571	0.5240173357886531	0.20929320315180733	0.7096098855961174	0
274	0.5081718356879511	0.5115527373709682	0.9873678484675267	0.8086891960172085	0.6995763183751446	0.20125864358407086	0.8208789342690237	0.7016834796773623	1
275	0.4971631789598503	0.08735033278694337	0.9665697350287787	0.015432806477769123	0.3713552085999414	0.5536880394420115	0.022123572241847356	0.2105445211384951	0
276	0.12881344916542792	0.8352205081263839	0.05484968272218216	0.3680549159350247	0.5428806087709221	0.6306673043813338	0.5938396899686024	0.2383293451505627	0
277	0.16875981828970021	0.004889841329592692	0.2091716418709415	0.01105129859768128	0.30562873862014517	0.03459150275118705	0.4442627970659714	0.31807435744490253	0
278	0.8808571023975895	0.00244066021936451	0.5044768676517974	0.457168543082618	0.04541292965154209	0.5537830478306229	0.8549090816815242	0.6622257597124809	1
279	0.908228146696749	0.6568763649902346	0.4692741950189092	0.3985110055604132	0.3096606337020401	0.037087531760610304	0.21598959150842312	0.4834392852503677	1
280	0.6293646060766975	0.06774117052092632	0.6688620332463271	0.5229126497269773	0.7581729487100446	0.15165854836265502	0.7008880663517251	0.044141948755809124	0
281	0.8534722607776933	0.6186582829545407	0.3517339616075158	0.7571370390870021	0.5425790418033583	0.4298305321748698	0.8940574670483451	0.20839890799162597	1
282	0.3797624407573983	0.4751941682740958	0.9593339114397657	0.2878599042626716	0.05412272173226795	0.5166382411860412	0.05019366767322142	0.22242380467521627	0
283	0.4285067829040291	0.9768458217589336	0.4543423127851227	0.8740244840727035	0.8256686803855204	0.02236012177342117	0.4154424921900205	0.16149155327325426	0
284	0.22989404401365554	0.4766836822576733	0.22254446850884524	0.9500307409749199	0.14304617524554186	0.061612820733004225	0.31304612573798507	0.10101461780381593	0
285	0.26065426743512865	0.19395954135594884	0.9228353941410763	0.10450921900227772	0.36416866950299964	0.6031647979456161	0.580787862552984	0.6400569804256563	0
286	0.2422227485426044	0.9836533647186674	0.18967278143399902	0.1660605011924583	0.04636405357298734	0.4239911772097027	0.08418348094550554	0.8474918666850433	0
287	0.709409424849136	0.8826255259191585	0.2215791402463997	0.08474793306724804	0.9569843072886471	0.9705969433536713	0.08250231111937611	0.9914665572916513	1
288	0.5901949082810255	0.9156653658313463	0.4989416783408378	0.28168201839591556	0.7295313813805897	0.08904449947268478	0.27643535649586126	0.3040985342471949	1
289	0.3395056726640945	0.6939647526738477	0.1290339210677951	0.5374564292825277	0.8237606888804503	0.1357386974847653	0.37054348350109023	0.08355623911305221	0
290	0.41246531550232457	0.5466609181871075	0.08301222302563516	0.23016941165413807	0.566415877117108	0.7914374644192429	0.431580931575107	0.37206922521010233	0
291	0.3910245844286908	0.623322361172287	0.894036560378995	0.07858180771263701	0.652880457202929	0.7194990771553922	0.5893307390618595	0.142992048556278	1
292	0.995810011330804	0.21461881746043032	0.7721874960468978	0.7918889716488153	0.34227458298503843	0.31410321798590024	0.06957525278867549	0.3529970652705834	0
293	0.6129598996607919	0.5629575229721077	0.3057221294823539	0.22175647685673738	0.19712463484578624	0.7425798210225123	0.06647804868273799	0.784846170558471	0
294	0.2785499486412497	0.09441559500254681	0.5702661172996709	0.26835414141890734	0.816299741350627	0.6163263690162076	0.9246053911764215	0.6338410583732514	1
295	0.8090656407909256	0.013498499918312312	0.7528457868283038	0.6213819834807952	0.8082532471468514	0.5131177229214207	0.0838207087104601	0.3788977666614872	0
296	0.5421613796213195	0.325495137117795	0.23565287669948032	0.5277651990962797	0.22293521033039942	0.6115426141025035	0.36285153733027065	0.8824651099478927	0
297	0.42000381355032135	0.5355589424787591	0.7008912071478964	0.3632614136164023	0.12381338854784452	0.7507678992685688	0.6460604741760901	0.44656652245486106	0
298	0.09453366545696629	0.3935287290102947	0.3053023304618564	0.0012795241621141873	0.4235546470328765	0.8330491563597386	0.7669997975393071	0.83014620827328	0
299	0.3893179237079799	0.771313985464041	0.8132022968862201	0.871598256105776	0.4199413566099689	0.6260720610070232	0.1330848581997709	0.6994203140314197	1
300	0.67105293613022	0.5549209266388355	0.033087250967960835	0.43951345964866495	0.4835059259110549	0.9937896915250312	0.4848097622373537	0.3441926713586855	1
301	0.9467995330754905	0.9136857321952306	0.02235558452865849	0.7588701814395508	0.7640142791805068	0.09906332852782462	0.27344101157926326	0.3784056625628287	1
302	0.4948248264101134	0.24560340031003758	0.559735792005094	0.8954193685565656	0.1138404153918593	0.3486954086557289	0.0016540892214429448	0.9877505715821421	0
303	0.4239739856831568	0.3835272759639603	0.36582727711973384	0.2543605880734138	0.12908732685709	0.20532490820790117	0.3984362724031313	0.4778084652524601	0
304	0.8668576004661784	0.1254805134350081	0.9460343260872838	0.5386010710339844	0.3241214321442929	0.8727203606865949	0.50060573278628	0.6992715618647599	1
305	0.4763858422945386	0.6088207801914874	0.0577730027271568	0.11153327481770647	0.6397312591628664	0.8103756891807037	0.015419854451121484	0.802426744310462	0
306	0.7840747354612569	0.023382641853784136	0.26841645958893057	0.17752566034256445	0.7350114735510836	0.2523305636237323	0.8882850726118221	0.3971543726415746	1
307	0.2924736596540154	0.9698831560196555	0.9173341696261373	0.9811138966384505	0.4700802904108595	0.9328638051983227	0.09363961548960686	0.627839273792451	1
308	0.1444061618571505	0.35320802289011466	0.9971710941263263	0.3551616889382988	0.5890364610463291	0.3963497355568687	0.229244693876958	0.7256634120228627	0
309	0.067562435228539	0.22099624709803356	0.2878964956670187	0.48051479328631175	0.7306332266248893	0.2177554827794781	0.47968186547754355	0.8125998765952629	0
310	0.6357748804125662	0.23256586271397672	0.3469846084039687	0.19116184192393693	0.8107238510518108	0.18690994633753188	0.9732174542459525	0.6101155990363896	1
311	0.5644501982120605	0.5126316270156703	0.47089740006349246	0.9753101409298738	0.9180438479599424	0.23331880231846258	0.48741203468342986	0.2883653251795001	1
312	0.17004157946864706	0.11326705437478846	0.9113538531521884	0.2631273988004863	0.2605574764428834	0.8142913336888792	0.9676748699243634	0.37164218575058783	0
313	0.06410438383192685	0.2816741941839699	0.4544277477481401	0.6385555237246856	0.04776504153520056	0.9880556669499332	0.7932831644510657	0.5421973872390253	0
314	0.873184129144456	0.5246566129503127	0.5158026547067884	0.3567727729522854	0.05401874479126523	0.37571620037535236	0.5888088901602566	0.6986341568929253	1
315	0.8057685111059321	0.12044936360490988	0.1832360942533483	0.025480284564242672	0.2039680046251222	0.6498171131103767	0.6138864384238587	0.30135621593052275	0
316	0.5262758853156854	0.9260048765579438	0.8611525235120132	0.6864965835500507	0.3738058529165941	0.8013399503040599	0.615133339501837	0.6297878973074568	1
317	0.913460857930363	0.9122855078540539	0.3200572004596597	0.7506512898729903	0.029388662564169388	0.42153254253953865	0.10426238730792281	0.7425504203242388	1
318	0.9185766722486166	0.7205298683915432	0.799280287140023	0.2508931870282438	0.27734693796172427	0.29385699432640244	0.6192067641271262	0.3785565563314256	1
319	0.5955473109920322	0.5846986330952646	0.18005482949571627	0.8490491688085617	0.2548929037389507	0.3228596827701835	0.5683488679670976	0.218205045199513	0
320	0.48033226271412854	0.5393245103236447	0.9722861838476806	0.4210317593548012	0.5899114687462019	0.8528715767728194	0.6937324797944922	0.45552189963069434	1
321	0.5366951313324838	0.23247954658762804	0.45484430254620034	0.8686302518446228	0.6816487037299963	0.02980191213726313	0.591038219923748	0.47628374162491904	0
322	0.7058404857143598	0.20758814832208372	0.7863262063063805	0.19597605939455653	0.7797453852186804	0.40570951207520844	0.8550024961900762	0.13966687923594667	1
323	0.2746077259596822	0.2452426608261229	0.3041689766575203	0.20590021750064347	0.8494196362907788	0.30244635381618834	0.12898768189417087	0.044702950065669045	0
324	0.2046241931258863	0.6870653830512946	0.6417927314440389	0.6470639120982926	0.584311671974514	0.5715033039880295	0.12381897063119407	0.9745024549725742	0
325	0.8115920259280252	0.1689995766713197	0.06987858918993561	0.155919641274473	0.0060000413775817	0.0660541002240651	0.06987603184117264	0.38181768012022643	0
326	0.017995191537493183	0.40892963629561985	0.33108204392799123	0.5841735863530796	0.7736464046207425	0.9260915598956284	0.2379039816811136	0.07111465109017734	0
327	0.4775504662265121	0.17531506040200884	0.544811472187663	0.8249594778924768	0.4045043928994987	0.03511952903731397	0.18927322614692632	0.3442238861376591	0
328	0.8346124512410428	0.0033149825236126196	0.712449491841163	0.428214424242489	0.8559670082835292	0.7590506253310008	0.8419501180030725	0.5004665252734029	1
329	0.8246766544323543	0.05565650271055511	0.30772989520474736	0.27776800725821915	0.375696227806822	0.34646235750636023	0.5978776116941467	0.061177876021741406	0
330	0.6809062525199396	0.4221077021342796	0.567434429009674	0.3136103431548555	0.9837144550468852	0.5101689791613019	0.8981141689204458	0.4117489095976775	1
331	0.9604404943008921	0.2030291567951904	0.5749048864067635	0.7593106644386011	0.7778786640453397	0.7212913242994212	0.3666943684873716	0.719126188161119	1
332	0.09699852129705688	0.6905578692124762	0.7289753726077854	0.23828602895288176	0.7216719078691032	0.22594107242963524	0.3252668096769553	0.3295495417447193	0
333	0.27382496601424167	0.3491896531636306	0.4871348520049775	0.9368083870133488	0.18319205415664874	0.8971653856635243	0.641939760110678	0.9705426916976593	0
334	0.5307479457985127	0.703211383094372	0.866888070010484	0.18756351115237935	0.17606201188100723	0.5463352981236747	0.3886319180546761	0.9606301286525027	1
335	0.8091894470536452	0.3232005422314498	0.9423662005123687	0.3145749070358088	0.8090022274312775	0.7146521717294131	0.3339964473313892	0.46631281056317153	1
336	0.8040527709597879	0.36539187868348855	0.42016100903663545	0.6125087417759089	0.8093691901936819	0.07639605681403483	0.1687644679711765	0.2046809584234709	0
337	0.9351726179525829	0.6811364264850056	0.34161846237760174	0.5112212005338911	0.1960810790190355	0.8206917946911655	0.11776983992598045	0.333525160293181	1
338	0.28505324498653306	0.8149188103592091	0.9097057231575177	0.5543988402351887	0.34437774856108205	0.2985934845431861	0.15267804546087516	0.8214953856499361	0
339	0.5221137540306886	0.18911251797727513	0.37923348179552485	0.7750944275386991	0.3300238086216445	0.33190730945631775	0.10886914578525486	0.029980309697083762	0
340	0.7578949813741511	0.5757530993242337	0.49099758428371254	0.33072185942196464	0.7593763782530825	0.9712623914412035	0.24989247283753369	0.08381936522682742	1
341	0.5784846400455611	0.7913044542714937	0.017186563022974277	0.43876684076590866	0.5162359690101982	0.2604329657107336	0.885532479104381	0.7079491075524831	1
342	0.7901783578973666	0.8883729621619063	0.5518700747203902	0.5772305874479935	0.6285085815418471	0.6918619434131036	0.18364322593182913	0.5141621937493979	1
343	0.556550806458688	0.046331343414031	0.5255231827266503	0.1166719510354236	0.5987668219688205	0.9211762084506423	0.5359426751702713	0.5791140675421158	1
344	0.2521384729088768	0.9461441431652268	0.17242092344431104	0.020854024840374352	0.43943268237018596	0.23771460398497612	0.5834868243365541	0.5865103521111051	0
345	0.05315560298750022	0.3245455265892464	0.8709284588139884	0.10771609169860275	0.3134533565779055	0.5260575048155908	0.908331042800547	0.248159486890706	0
346	0.2591795684835725	0.5261071786427864	0.1380856854251742	0.3607545362250798	0.6822291790444515	0.3321396284231177	0.5820100865348468	0.8410230467800688	0
347	0.5337000956611512	0.6440325771481323	0.5989324961882866	0.5390037176484321	0.17211912169282562	0.2621261962068513	0.47307593511990165	0.33706229307260993	0
348	0.37069443288868453	0.21239713119726522	0.2407600906293733	0.901502781290757	0.8951410383150241	0.47684766895312125	0.6731362426367804	0.36202425319677933	0
349	0.23526246922745064	0.17878464341837608	0.9637546666494851	0.7494843901991094	0.35892679046764775	0.27621901179067077	0.8444493603054707	0.8293738120305442	0
350	0.8634844294071953	0.5044634299191245	0.7558812844878862	0.6171595758858514	0.0518857348928784	0.4580422199983447	0.1423412566275405	0.22299776224632983	0
351	0.9819189368328719	0.7168914237774185	0.6355352062260661	0.7951669610191778	0.5110171167487345	0.5917509294563547	0.8209034411359841	0.5655135946232247	1
352	0.2166757454448085	0.04609306217171183	0.19258402532171026	0.3840731294598073	0.6786060644615903	0.785138085844522	0.4341534883162923	0.9773241595752297	0
353	0.36946556863047386	0.12524594965797986	0.45236620162242136	0.9432136905953772	0.6735828376734542	0.8646546186050417	0.8076471681810018	0.09212227688478114	0
354	0.9043099797529978	0.9614857285273439	0.5622069461168331	0.14478072595766178	0.9226794731485709	0.06507862512084495	0.34934721302945315	0.5810374339353903	1
355	0.3509101100318516	0.5869508803181539	0.7471159356772682	0.03878932017751435	0.04073438707446975	0.9637147001980348	0.4141763854777534	0.22513101604953	0
356	0.6480150214439049	0.14190628158755114	0.2920325442954719	0.7760885019537872	0.6501891685476883	0.17722549634444262	0.4398960090877174	0.8445373793603446	0
357	0.6073902745838662	0.005244210808738825	0.6229846220011688	0.18604023197797714	0.8134807375441546	0.906671076651619	0.9272276578166253	0.696607356428346	1
358	0.40762368980955865	0.6023201718510863	0.3148443377955822	0.5682507589342647	0.47655232661420843	0.5237879842748759	0.28457210587192394	0.8296880642252351	0
359	0.7158049902499525	0.30008654627088005	0.45448420200499906	0.6321063058933749	0.07327580631859965	0.612343986440794	0.5460245110572042	0.40165196298085115	0
360	0.014163254801045522	0.9121113223262809	0.5006889172450019	0.5752094557288985	0.011304154801792365	0.4453443871174606	0.11452790998027951	0.3643873704072652	0
361	0.6740390258866574	0.0509110119749101	0.8531028583633784	0.33727608098848316	0.4098419868784088	0.8745267195615549	0.8387224041320763	0.21306215161566355	1
362	0.09119414920459035	0.07640277528815842	0.13751332535754734	0.07824064914182305	0.11845343352109994	0.9760937143844841	0.9522066384596638	0.043342354917753734	0
363	0.011139792284297068	0.7179931046625162	0.12501518887824936	0.7078297631868558	0.4166344958961231	0.41810894276714217	0.62161549141129	0.32257689295002945	0
364	0.2612871249844051	0.11624544639951961	0.6129928372351378	0.29223930828137856	0.5444269228270321	0.5612653152043833	0.2896788871375491	0.874254620092202	0
365	0.18883531592310754	0.7251522603890304	0.9653441660810421	0.053973142700557974	0.3280871886923311	0.3797373533884738	0.5603561956968257	0.2747324299229529	0
366	0.3070738649856506	0.268081909565834	0.47733561612417286	0.4927500315935902	0.17544735754823737	0.60259880068492	0.40275034986990066	0.9012594651619742	0
367	0.7872431727185615	0.5526277437102436	0.5220966366020532	0.9838413116977492	0.6345655108344808	0.5184508873267891	0.23290383485668054	0.9930232686724475	1
368	0.4431169907476551	0.11959525272378047	0.476654114348555	0.06989510118412112	0.3744941346336498	0.0996569253978341	0.9440917519129977	0.05683980431955227	0
369	0.07125624700598643	0.6152983985468907	0.08388678698408158	0.2549536716265953	0.2011112594858241	0.46400602013307457	0.6472041777766572	0.27828106327864877	0
370	0.5498561476571245	0.2028997321442908	0.5258431349141653	0.38621638578268513	0.5293527569841486	0.9366515645327055	0.7793838150882227	0.8360940632872121	1
371	0.14722079461872062	0.7262072041719706	0.9199478671674989	0.029575556516311385	0.7945453822560276	0.14608988699315406	0.8675076615780891	0.9337619416407877	1
372	0.7052859096283112	0.7479965682247236	0.6348640961625303	0.24647789442204215	0.646417698592179	0.6318558629428961	0.8366625194732189	0.634153647733427	1
373	0.8780945615145074	0.9854067379800766	0.5236571491835763	0.5068631328270313	0.41166725205899624	0.12861297652659176	0.37462372414535183	0.41900465175904433	1
374	0.9963961199374992	0.40542796105025714	0.6405891908706601	0.41781740744731655	0.5923528449765716	0.12230144264810461	0.768422071841126	0.4822254475279357	1
375	0.8132277352513916	0.1160669478934121	0.9439581967879753	0.634633765883865	0.3498111782999407	0.9529673061234512	0.6546613967035149	0.043185671788825375	1
376	0.9019243365722858	0.4716507750044776	0.7500379203161808	0.7687060746387657	0.5896374155465294	0.24123296564918373	0.913442950727314	0.1636438223976956	1
377	0.6673952374728935	0.060348748278281183	0.4496310343578417	0.7161869070402117	0.5324995745734359	0.04537043761492854	0.01411997535210352	0.36895633928015015	0
378	0.11398357434437145	0.5314002119605257	0.5326077136576833	0.8883873897429323	0.08541718782731433	0.7006705962959768	0.021538288463396005	0.06090527900101361	0
379	0.27147089930068125	0.09686494023457748	0.872532645384242	0.23854370947091608	0.3384646172012745	0.9692647867549103	0.3072654356628569	0.9100259919866185	0
380	0.2564035923273844	0.9143465625828905	0.9782698999553628	0.7707786626041405	0.04270252599669899	0.7885599646759307	0.8520380199561266	0.17824862996143975	1
381	0.690238618048669	0.40326788672159475	0.6833995979307749	0.7566389268725077	0.9406617574760827	0.1477955765969835	0.6063548503966464	0.1330848284568884	1
382	0.33487621876745977	0.37764863102512125	0.943783934833812	0.9935560805409592	0.7205480716402548	0.19616856512404435	0.6467241513356256	0.052919330578270474	0
383	0.08887149184469323	0.25093936125652283	0.7033732971415354	0.023726918296987254	0.2658495516963988	0.22373054820718086	0.5052078412450675	0.9961570321205666	0
384	0.6021126295838597	0.25523019879440867	0.5476196019767917	0.5547597212329831	0.7998260158279099	0.6948539493399076	0.4763051514872976	0.16426526445423206	0
385	0.6918880775592924	0.49995994520771103	0.5371517140665529	0.9693407264360762	0.37509795871466967	0.0729549389173364	0.00012272474119012777	0.6749686791010973	0
386	0.7548936057609884	0.3717124678499728	0.022279237308775124	0.9325888233104652	0.17353611589171913	0.4304751552858588	0.7682068980604788	0.2628502298601806	0
387	0.15091895892798068	0.852027795898548	0.8497922613990225	0.43897912022114083	0.04946623131655781	0.7666882942486352	0.49184614385193537	0.07887857959458389	0
388	0.7839819977161732	0.179730168015227	0.8921834016052638	0.742011416618208	0.7825226100617964	0.14528647850282939	0.9735081165454332	0.8190003427675316	1
389	0.578301591941464	0.17349397484391194	0.6692765103556081	0.19531777438550102	0.6712807779636497	0.12618324423096738	0.9446382743297036	0.20577724759001936	1
390	0.4171721070954738	0.37105399822086493	0.6854075152414697	0.34962134730411987	0.568081722912588	0.8921407505609955	0.8800408841513657	0.7235236752877342	1
391	0.9360728666294308	0.043131248146810464	0.6389202064644729	0.7819403753888721	0.6738771185145886	0.8720038967926382	0.4166749185529517	0.7175387495909683	1
392	0.3682797327695515	0.7980085207152914	0.35891951985871084	0.041960553067467155	0.07569371486439547	0.08284693656154585	0.877882285230434	0.1534127804253793	0
393	0.5745869120937248	0.4498867214310095	0.5087057145932335	0.10885025865894782	0.4910313772821433	0.24795661315448703	0.7716620090795129	0.3648346280583198	1
394	0.7380668231792888	0.7338031236662311	0.05406998031760368	0.5216737802657371	0.14947783162983375	0.8127268766081485	0.01420488465061176	0.390249752025401	0
395	0.0787032834385839	0.1143109462580576	0.31819043313575945	0.24131223928413637	0.02236272636922254	0.6028487776882978	0.9116967172142364	0.2033331745105601	0
396	0.10199944418350504	0.14227122306198425	0.6791145988277387	0.41327724167741664	0.22647125675409585	0.9641905536721993	0.7547651831293635	0.6466795194138141	0
397	0.9002808210056512	0.17191780653719968	0.7228608619201777	0.8092706030939404	0.44768869033898573	0.3457087021222607	0.4776937938310689	0.8738703751216305	1
398	0.7765726006506964	0.09444700473736023	0.6815901357705113	0.9156841006081307	0.7669320167576421	0.001610358974203252	0.3229228304983841	0.5951015582311784	1
399	0.7090774625376873	0.49661625030591683	0.32524946319036496	0.4576408590935147	0.6076120768405375	0.899356251818094	0.2573430245381576	0.6674447499219351	1
400	0.5921456338233009	0.0995935769333336	0.9028946633096265	0.6392678987963516	0.45891387601254297	0.7367741309458189	0.21514852546408603	0.13027874752445456	0
401	0.6179168270911936	0.7766089890175507	0.6530386693905282	0.7279661710649724	0.6828356267521983	0.3289233694992809	0.22986749738270573	0.7749168560986244	1
402	0.9995424420746299	0.5457732465412923	0.6013739789832916	0.4649191620292873	0.8867613531850763	0.8891536940829514	0.292525101519849	0.8252698386565711	1
403	0.4939582099222378	0.5745268669036379	0.5406618567023446	0.38489564628065087	0.19697518329407127	0.23765705392628955	0.4777882711339858	0.5611459546191517	0
404	0.5045331946255148	0.3449043670965021	0.9194796305620465	0.5918946100341095	0.16518798319028516	0.010086302883391851	0.22158651144424335	0.8010944629018266	0
405	0.04968594192681042	0.2682565216989743	0.6735772370927656	0.7001241260287687	0.9822083867282918	0.04735271332098434	0.7203191378800476	0.5473118050351318	0
406	0.6835834561299018	0.4426002703206634	0.39829517678434434	0.8608950100430427	0.880230536467482	0.026516004787962455	0.14028279659535225	0.4398978415372814	0
407	0.9327704767145928	0.6290923570532375	0.9616146139571984	0.24546398992010077	0.5838500103762135	0.3113796765641986	0.3218002301479699	0.908810948192147	1
408	0.7116696740758569	0.2699536986778277	0.5016532975548537	0.24430238825275508	0.018217822721247057	0.8113182433976337	0.07147844212358612	0.7429563924559387	0
409	0.9877966766080075	0.2987621993895686	0.8416256448235301	0.5943449556955498	0.5500527081091695	0.17993615594173706	0.04866966083648716	0.9611411925215927	1
410	0.22639059019461816	0.26883565601831416	0.6495381304298712	0.2386816315209196	0.4147120340668021	0.965270047234475	0.05254552724484596	0.12704291033380322	0
411	0.17209805422616986	0.749062915873864	0.9483919377391784	0.7529081890485643	0.5269178604577236	0.3854744424293528	0.45085480025902736	0.9154935086349636	1
412	0.48223498210439864	0.39821525662246926	0.4338579910898249	0.4043984801834175	0.5805294306056373	0.04070583333112632	0.3592481431986718	0.5281544072937231	0
413	0.6876631192153597	0.35979515660270767	0.29606155168937975	0.09968984849834472	0.4284600908678716	0.9815441565976849	0.7783238285019638	0.9138506148691093	1
414	0.14763126511073854	0.5313768520835137	0.9137037725464708	0.1019505319153502	0.38309410515718956	0.7410265581739106	0.39874468179785993	0.03450889317585548	0
415	0.3047887364338293	0.8286919842479418	0.9006200470166487	0.6994648924197754	0.7116515565507517	0.011018346036553162	0.057023751325864014	0.2212036924856231	0
416	0.39224620585506387	0.812573786598303	0.1856685506353707	0.48621358859891617	0.8850532155217743	0.06442950161899275	0.39461841219420146	0.3606037184856461	0
417	0.32679547138478393	0.13860547983559013	0.9226569489992713	0.32296332677677375	0.5621083159241307	0.022203766084459398	0.5423587971954806	0.06597489592355643	0
418	0.5645416482683122	0.6020064971341129	0.8771356832763965	0.6503245229987477	0.699683135370222	0.9346953614348418	0.00278856524091875	0.43482764497800996	1
419	0.12205937216601392	0.5399975445867127	0.3173395356545853	0.7301291739276615	0.088219168490562	0.46950465633940286	0.7367887252860765	0.3372434489108821	0
420	0.5366387854398377	0.8720829026453599	0.740762286097817	0.6286364542719753	0.008352237837832122	0.08713471560397901	0.5738040809437962	0.7180149988347715	1
421	0.9672135735332644	0.35749033749188885	0.3888292955892527	0.6637276017077645	0.9781759774319042	0.9111852108226732	0.4169180915682421	0.6174698068849539	1
422	0.18844189349836016	0.13113603641375426	0.09025106858142151	0.43183013719806385	0.3914730294736567	0.7121501069885777	0.39751775957635926	0.7411595288008246	0
423	0.06233144483756092	0.6285675451180385	0.9798817221244708	0.1820168638216012	0.6075925858243433	0.868122312557817	0.04680535187850332	0.8797815357943359	0
424	0.7672573275922276	0.39963022342372856	0.9353424231034277	0.7009836500238505	0.2662007171333617	0.6039862487193964	0.2792479676150491	0.6494915976040311	1
425	0.3253604807110919	0.11915699058435159	0.12718839945286498	0.5815538551684114	0.3560671905378535	0.9804621550860565	0.8408121048617089	0.8487583449048446	0
426	0.3577645510148526	0.43994745226882337	0.020888798725945845	0.422556016109608	0.030892837270310003	0.5434875842804665	0.7580930190242119	0.1599846121016122	0
427	0.6041695582698151	0.06877883891337055	0.966091313096482	0.898631762422966	0.12729494893339777	0.7715044078501927	0.4527635790713266	0.9313506561527922	1
428	0.6641777638127515	0.11615578133353888	0.1451738484453542	0.9622397211598905	0.07226130060463432	0.18627897324867204	0.32696066627986986	0.6979800736692292	0
429	0.13605961761813523	0.6839005810491146	0.05664256022719816	0.8953667369679007	0.5574408942029688	0.4321251399096627	0.6460759012659664	0.0933143273241982	0
430	0.11347188702795075	0.8846778086595047	0.9371962483606117	0.6186347556857376	0.9054750325383806	0.10941298922885523	0.23216761334340985	0.26480816673053076	0
431	0.3040350431305784	0.20186852640208308	0.4884111770495566	0.8095986683002987	0.04446799821089831	0.851648505718701	0.7768587705281754	0.18626124252751108	0
432	0.19522296853648802	0.8642163129380998	0.45020910103609646	0.3161903632166231	0.7757216997201107	0.850646501332899	0.08842400456457633	0.20701237448050713	0
433	0.329987358427722	0.1003235219834846	0.8960627354860358	0.1364265498780518	0.6641847493384393	0.8229534373321012	0.29529472121565037	0.09583606048079663	0
434	0.31422676278871287	0.5066967060570231	0.1426498181506588	0.25075592174462014	0.4296971171999655	0.16684694660998445	0.6134093345411641	0.5931236096812125	0
435	0.46164296817175066	0.11753360907128729	0.011825055072946178	0.2877836971456219	0.7116781069974556	0.04315014081154678	0.000931749420801542	0.6630511629374113	0
436	0.9562313630494499	0.5457789165827883	0.956869987292179	0.9057120359559462	0.9573743037452709	0.3798834415967848	0.20879752029771326	0.33577348499325166	1
437	0.8936739543636303	0.05438876995753317	0.5287860729663838	0.17391246870285837	0.8480521323509544	0.33191285565254747	0.3103216020501015	0.3212918154047827	1
438	0.965262689206592	0.16095056627897608	0.5502162028524433	0.971137864764146	0.3903339024865561	0.015700081231170282	0.5624705395098145	0.9385688095856521	1
439	0.4957007444531032	0.5989231507065488	0.5393328772588296	0.9650256883070171	0.6278478875619163	0.03953300830459805	0.6010602602772933	0.9066319611355237	1
440	0.9887587436479218	0.5131539375777412	0.1657795808753385	0.4285577624879815	0.19729845959761771	0.5328043379839903	0.3095610679395647	0.4346955470755778	1
441	0.051120045558646465	0.4584706457002694	0.6833605790695674	0.9553228085402122	0.18123806611949933	0.3678930960553415	0.9676990581914513	0.5824814579988997	0
442	0.8900028623033399	0.26380938420696576	0.2090450548824161	0.6881772485219321	0.7994577339142986	0.14058364078322227	0.9949687135934933	0.09412099708161559	1
443	0.4505605391307764	0.9415500599579245	0.08063536868703902	0.5024326071720511	0.09117134318769626	0.19357689533076272	0.05571225632830479	0.5984845536754494	0
444	0.1577683427694424	0.8891343244070956	0.16013610141579893	0.11199112910173825	0.3864599654768758	0.4993794631709455	0.6616313491941183	0.13989416525646847	0
445	0.9017496967126832	0.37696018780454565	0.819735116575055	0.10514698391993837	0.5920501196247102	0.1827047464678695	0.27326341499744333	0.3034704633426848	1
446	0.30350156496512093	0.17546330891665107	0.9483169548999145	0.7211337067135875	0.5629976685854803	0.172446503922019	0.5667150171670207	0.10942367703775124	0
447	0.4455838034094759	0.6503723389322743	0.06372034026736895	0.6449111210126859	0.1488108383611516	0.7209751518781193	0.07791943600590578	0.46168528327611713	0
448	0.29068307558899065	0.22975042698870063	0.10530206693326882	0.03566229213576977	0.02903210517050936	0.2189536880358367	0.8518107359208216	0.7402631682391124	0
449	0.6206701424824903	0.1425645999929709	0.8041420222016652	0.05813453690816117	0.03846676731822063	0.5565300304670672	0.33715421120516953	0.5308203004496174	0
450	0.5945442084215193	0.7502678138535391	0.27427890106739516	0.7770080065772763	0.2041510520082429	0.9626792351146115	0.5263852421539684	0.8150460637078715	1
451	0.38667219552861376	0.7986543151685809	0.29568399749580787	0.7389607107788417	0.5151249147394708	0.36556623708116587	0.10071710681631474	0.7618808599266114	0
452	0.26114566450133714	0.2946634924307783	0.7279109209894479	0.7957785838638947	0.1629553935291168	0.19784380716161576	0.1650024130906631	0.6677506725865655	0
453	0.457649554535591	0.34809886813985325	0.5567678428477038	0.5345986399944757	0.8523299451486217	0.6861364236730721	0.20852065480854332	0.741960555586184	1
454	0.3964458187364476	0.720911985778095	0.4529824662241998	0.3622777434238523	0.20835727489550793	0.46906880289536956	0.32435732722726063	0.6079325783014506	0
455	0.8891425460567585	0.4876261955439297	0.5711669834824706	0.36203519222354164	0.689755808745676	0.9194721948534952	0.28445387473029327	0.35937778045305524	1
456	0.5900747085013016	0.39851342947544666	0.11162322464231078	0.7751841800485794	0.680275801400828	0.34892478266890514	0.306377222227757	0.502758626290732	0
457	0.6677072639042296	0.4795630093023032	0.3682654786544908	0.8426672321608154	0.031861337745753615	0.9263377808949164	0.15699597767262263	0.02214291055132911	0
458	0.08673043358029242	0.9995628947744225	0.8011838634585334	0.1487322053123793	0.15419800871987732	0.04116747101318197	0.7379782630709024	0.6535743971101241	0
459	0.8287273936434264	0.7493351866884442	0.7120831295625495	0.5087601822708634	0.020897896460051135	0.6894478414360956	0.29374098639723145	0.19186483313479785	1
460	0.934830583376438	0.29207052719904847	0.8912518267327758	0.46584481563510416	0.8754045728195483	0.09689085642966722	0.5149408547631953	0.22034942707662453	1
461	0.221247209264973	0.05678410819935309	0.8648691729697645	0.436252538493228	0.9690203700176766	0.2666074339732084	0.901639973609767	0.7414069035297036	1
462	0.5117986408042345	0.9448421267453009	0.08390608556044687	0.5711029435279491	0.28248209870475216	0.3488382061596327	0.1426400023011518	0.5351514675492095	0
463	0.08180163651382455	0.2675627467589632	0.18407700552324746	0.8757562085762597	0.45806747703548034	0.1920960081550137	0.19097947277806337	0.08153282463687395	0
464	0.5617396491259308	0.2673460936099614	0.11248844435528516	0.4990937056231324	0.9078373452898119	0.7074684986913583	0.8875838907655355	0.74210445815646	1
465	0.22259646943613143	0.5998089387172184	0.036902626146114614	0.30801087538501515	0.5027304404929362	0.6600705987627667	0.08834184713780935	0.6992555056299786	0
466	0.6925502610263983	0.7132699612051416	0.8073022712816709	0.8865761750186347	0.25722545684892484	0.4694465752827901	0.6270279226115874	0.057903493605298006	1
467	0.6670079046842675	0.7508646411067199	0.9199532275650167	0.8355604903382561	0.416707369759698	0.5967334818720933	0.5077023751502047	0.6974151080689285	1
468	0.16440978346426538	0.8250535322318933	0.4091078575936693	0.9735361049846714	0.34548848178016256	0.01802598106166242	0.3649677398535688	0.2872911589452608	0
469	0.46421921633914764	0.23546031649040844	0.5663038944782296	0.605175885880828	0.9142395740976386	0.7204236726993938	0.9566332893449265	0.3132497263681778	1
470	0.0037989509913051167	0.6689710205420698	0.5523756630525307	0.4206420228003791	0.8597675402595933	0.23489522934501006	0.009044759012611037	0.08582514716489387	0
471	0.8336837654967928	0.6102207931427108	0.3661649463471901	0.6427211173046586	0.8122392895576469	0.4340769090707627	0.42110025312015265	0.5404363039065015	1
472	0.7688039503285848	0.9569621981800869	0.2707280873428718	0.0727930263365063	0.27477444794333716	0.22780649305274148	0.3297804201550226	0.27006859877626044	1
473	0.0791592692832056	0.5066998585227424	0.03547870047516377	0.5857492635060738	0.2711905424899077	0.8921981740102451	0.898108021136582	0.27476929279288564	0
474	0.7500564636481881	0.38203539399947006	0.27712021179667645	0.8422726722270047	0.6013881446159265	0.7013777987684675	0.4006876883679502	0.5716434772934132	1
475	0.5108784327276397	0.33845324305953084	0.046561642782371626	0.01485806853338778	0.25866237977445783	0.8004506689716755	0.07761316967612775	0.4122920102205685	0
476	0.5729319128348903	0.9104123778951183	0.6910814113390159	0.8092408153220987	0.5778503029995644	0.16103033442478987	0.7699465455817188	0.30427103021898305	1
477	0.7297884497277615	0.7338123969789173	0.15338423951589664	0.4412662905285897	0.23627986882512408	0.8479322967071132	0.43002741885655715	0.09996416920810924	0
478	0.7505719295997156	0.3817775482262862	0.5628097496490565	0.18565365123649513	0.24999826050630214	0.7933072657168616	0.35023103325786675	0.39069032444717433	1
479	0.7452401558826328	0.8072099039247989	0.6937855326094092	0.5162367591158945	0.6868107200962627	0.7965726339890729	0.3444184985770955	0.03401691490764358	1
480	0.570825601126148	0.23399189505787843	0.6149481462071985	0.31947888228772725	0.26975211344682926	0.7570059577538738	0.17172870450368094	0.9035649752066075	0
481	0.3400715687952246	0.5825620555466077	0.9548693801238346	0.777786400709218	0.0061656693273014485	0.5124362695821023	0.6885708071531021	0.881546400709168	1
482	0.5611621606716061	0.9210531832152332	0.09278951613601727	0.8519272738598167	0.5087074295646795	0.7978312157889454	0.3715516977358173	0.659325941156546	1
483	0.6934294165214505	0.13503961091841032	0.3751947572968338	0.6210757500872625	0.8523620532851474	0.4010992433918379	0.359591805924277	0.5738610120135575	1
484	0.49244201415386224	0.43432261296626284	0.8802971190824141	0.0735159730271222	0.8573517703110108	0.35112357083140433	0.7751271459278354	0.3403845369205025	1
485	0.08438819292373201	0.3339954078719273	0.4739838151083353	0.5883636776148066	0.6578368428840012	0.1724080854176938	0.29334281106159	0.20519114735059685	0
486	0.6128314883950955	0.27442854637479164	0.9336121901096848	0.2761499096671456	0.015561162803368944	0.4891560662574067	0.4305007271129594	0.41696948250495436	0
487	0.1861356063719225	0.26898435248222274	0.2857730200367792	0.07391917211081156	0.9675897709644633	0.3155291560817124	0.05261499886571264	0.22651923389496853	0
488	0.5769563558058081	0.5828319308027372	0.9861819562595472	0.7582307843895629	0.6000845973919623	0.19299888419724232	0.3531180107334848	0.29003609743786873	1
489	0.3469505228256796	0.9788751420999404	0.5041748221131169	0.04457077311538382	0.16113255765429035	0.5046285445369413	0.903379535243141	0.29317747144135686	1
490	0.7586978360189522	0.17528618332807777	0.6829935348561755	0.7163745963859506	0.8100137687791416	0.6380581918068273	0.9829179673478646	0.2640198252796988	1
491	0.13616181554044116	0.7298179780842181	0.8809877697096439	0.30803465586350376	0.623317835208829	0.36167478677517373	0.4368312127022068	0.8377306745593422	1
492	0.03900836429790189	0.7907358177204833	0.8987197132941377	0.935514803998794	0.954686024260486	0.7412014054708076	0.23650561641316736	0.42292196792766945	0
493	0.9341503176385362	0.38628189509556177	0.8447801214209143	0.020414584775003908	0.017065250930663245	0.029319364638390244	0.7517222348498558	0.3103617543119276	1
494	0.6945704855781674	0.4435914785013918	0.6789432759471473	0.4534300874584263	0.12686380308351597	0.9100289786690252	0.8556411837703	0.6330911425754475	1
495	0.6013562081468048	0.10210082265826981	0.9909898977400317	0.7567038693998113	0.831858003196605	0.8425451000293906	0.19701495651216938	0.6469389433279117	1
496	0.881108533076205	0.9604744174822486	0.31383238015848847	0.013940293398279846	0.2493784108034791	0.08399891777716184	0.7940117260505225	0.9969216353001865	1
497	0.9026020842569016	0.9283933958066862	0.0856145870123114	0.9651964030191491	0.5583740649974931	0.12237527499882495	0.5892088358278303	0.2146221489557565	1
498	0.7491311170648731	0.3598973731596612	0.8903546176822444	0.4016144986935066	0.3463212266012108	0.3507907900512116	0.25100439395526075	0.3958147856494181	0
499	0.14402108055137264	0.07628762540305845	0.9081041076854781	0.7208285688847007	0.004166822661557323	0.08242751366972423	0.46242262277574775	0.6658067990766152	0
500	0.7974598108556762	0.48928185442218	0.6788828792186629	0.8848670149284147	0.7991328340055583	0.4378706800527262	0.840255953219641	0.05341320310415576	1
